 frequency       freq            output_noise   
 1.00000000e+00  1.00000000e+00  1.22202243e-09 
 1.12201845e+00  1.12201845e+00  1.22202238e-09 
 1.25892541e+00  1.25892541e+00  1.22202231e-09 
 1.41253754e+00  1.41253754e+00  1.22202223e-09 
 1.58489319e+00  1.58489319e+00  1.22202213e-09 
 1.77827941e+00  1.77827941e+00  1.22202200e-09 
 1.99526231e+00  1.99526231e+00  1.22202184e-09 
 2.23872114e+00  2.23872114e+00  1.22202164e-09 
 2.51188643e+00  2.51188643e+00  1.22202139e-09 
 2.81838293e+00  2.81838293e+00  1.22202107e-09 
 3.16227766e+00  3.16227766e+00  1.22202067e-09 
 3.54813389e+00  3.54813389e+00  1.22202016e-09 
 3.98107171e+00  3.98107171e+00  1.22201952e-09 
 4.46683592e+00  4.46683592e+00  1.22201872e-09 
 5.01187234e+00  5.01187234e+00  1.22201771e-09 
 5.62341325e+00  5.62341325e+00  1.22201643e-09 
 6.30957344e+00  6.30957344e+00  1.22201483e-09 
 7.07945784e+00  7.07945784e+00  1.22201281e-09 
 7.94328235e+00  7.94328235e+00  1.22201027e-09 
 8.91250938e+00  8.91250938e+00  1.22200707e-09 
 1.00000000e+01  1.00000000e+01  1.22200305e-09 
 1.12201845e+01  1.12201845e+01  1.22199798e-09 
 1.25892541e+01  1.25892541e+01  1.22199160e-09 
 1.41253754e+01  1.41253754e+01  1.22198356e-09 
 1.58489319e+01  1.58489319e+01  1.22197345e-09 
 1.77827941e+01  1.77827941e+01  1.22196072e-09 
 1.99526231e+01  1.99526231e+01  1.22194469e-09 
 2.23872114e+01  2.23872114e+01  1.22192451e-09 
 2.51188643e+01  2.51188643e+01  1.22189911e-09 
 2.81838293e+01  2.81838293e+01  1.22186714e-09 
 3.16227766e+01  3.16227766e+01  1.22182689e-09 
 3.54813389e+01  3.54813389e+01  1.22177623e-09 
 3.98107171e+01  3.98107171e+01  1.22171245e-09 
 4.46683592e+01  4.46683592e+01  1.22163218e-09 
 5.01187234e+01  5.01187234e+01  1.22153115e-09 
 5.62341325e+01  5.62341325e+01  1.22140399e-09 
 6.30957344e+01  6.30957344e+01  1.22124396e-09 
 7.07945784e+01  7.07945784e+01  1.22104259e-09 
 7.94328235e+01  7.94328235e+01  1.22078922e-09 
 8.91250938e+01  8.91250938e+01  1.22047047e-09 
 1.00000000e+02  1.00000000e+02  1.22006954e-09 
 1.12201845e+02  1.12201845e+02  1.21956536e-09 
 1.25892541e+02  1.25892541e+02  1.21893153e-09 
 1.41253754e+02  1.41253754e+02  1.21813498e-09 
 1.58489319e+02  1.58489319e+02  1.21713440e-09 
 1.77827941e+02  1.77827941e+02  1.21587825e-09 
 1.99526231e+02  1.99526231e+02  1.21430236e-09 
 2.23872114e+02  2.23872114e+02  1.21232712e-09 
 2.51188643e+02  2.51188643e+02  1.20985409e-09 
 2.81838293e+02  2.81838293e+02  1.20676215e-09 
 3.16227766e+02  3.16227766e+02  1.20290312e-09 
 3.54813389e+02  3.54813389e+02  1.19809713e-09 
 3.98107171e+02  3.98107171e+02  1.19212786e-09 
 4.46683592e+02  4.46683592e+02  1.18473835e-09 
 5.01187234e+02  5.01187234e+02  1.17562799e-09 
 5.62341325e+02  5.62341325e+02  1.16445210e-09 
 6.30957344e+02  6.30957344e+02  1.15082545e-09 
 7.07945784e+02  7.07945784e+02  1.13433194e-09 
 7.94328235e+02  7.94328235e+02  1.11454228e-09 
 8.91250938e+02  8.91250938e+02  1.09104151e-09 
 1.00000000e+03  1.00000000e+03  1.06346673e-09 
 1.12201845e+03  1.12201845e+03  1.03155333e-09 
 1.25892541e+03  1.25892541e+03  9.95185007e-10 
 1.41253754e+03  1.41253754e+03  9.54439171e-10 
 1.58489319e+03  1.58489319e+03  9.09617794e-10 
 1.77827941e+03  1.77827941e+03  8.61253703e-10 
 1.99526231e+03  1.99526231e+03  8.10086669e-10 
 2.23872114e+03  2.23872114e+03  7.57010361e-10 
 2.51188643e+03  2.51188643e+03  7.02998747e-10 
 2.81838293e+03  2.81838293e+03  6.49025547e-10 
 3.16227766e+03  3.16227766e+03  5.95991110e-10 
 3.54813389e+03  3.54813389e+03  5.44667543e-10 
 3.98107171e+03  3.98107171e+03  4.95667092e-10 
 4.46683592e+03  4.46683592e+03  4.49433007e-10 
 5.01187234e+03  5.01187234e+03  4.06248215e-10 
 5.62341325e+03  5.62341325e+03  3.66255519e-10 
 6.30957344e+03  6.30957344e+03  3.29483368e-10 
 7.07945784e+03  7.07945784e+03  2.95872552e-10 
 7.94328235e+03  7.94328235e+03  2.65300855e-10 
 8.91250938e+03  8.91250938e+03  2.37604082e-10 
 1.00000000e+04  1.00000000e+04  2.12592974e-10 
 1.12201845e+04  1.12201845e+04  1.90066157e-10 
 1.25892541e+04  1.25892541e+04  1.69819626e-10 
 1.41253754e+04  1.41253754e+04  1.51653372e-10 
 1.58489319e+04  1.58489319e+04  1.35375783e-10 
 1.77827941e+04  1.77827941e+04  1.20806351e-10 
 1.99526231e+04  1.99526231e+04  1.07777144e-10 
 2.23872114e+04  2.23872114e+04  9.61334093e-11 
 2.51188643e+04  2.51188643e+04  8.57335701e-11 
 2.81838293e+04  2.81838293e+04  7.64488299e-11 
 3.16227766e+04  3.16227766e+04  6.81625299e-11 
 3.54813389e+04  3.54813389e+04  6.07693648e-11 
 3.98107171e+04  3.98107171e+04  5.41745320e-11 
 4.46683592e+04  4.46683592e+04  4.82928637e-11 
 5.01187234e+04  5.01187234e+04  4.30479742e-11 
 5.62341325e+04  5.62341325e+04  3.83714444e-11 
 6.30957344e+04  6.30957344e+04  3.42020538e-11 
 7.07945784e+04  7.07945784e+04  3.04850683e-11 
 7.94328235e+04  7.94328235e+04  2.71715847e-11 
 8.91250938e+04  8.91250938e+04  2.42179317e-11 
 1.00000000e+05  1.00000000e+05  2.15851261e-11 
 1.12201845e+05  1.12201845e+05  1.92383812e-11 
 1.25892541e+05  1.25892541e+05  1.71466623e-11 
 1.41253754e+05  1.41253754e+05  1.52822883e-11 
 1.58489319e+05  1.58489319e+05  1.36205728e-11 
 1.77827941e+05  1.77827941e+05  1.21395034e-11 
 1.99526231e+05  1.99526231e+05  1.08194536e-11 
 2.23872114e+05  2.23872114e+05  9.64292589e-12 
 2.51188643e+05  2.51188643e+05  8.59432178e-12 
 2.81838293e+05  2.81838293e+05  7.65973631e-12 
 3.16227766e+05  3.16227766e+05  6.82677475e-12 
 3.54813389e+05  3.54813389e+05  6.08438893e-12 
 3.98107171e+05  3.98107171e+05  5.42273117e-12 
 4.46683592e+05  4.46683592e+05  4.83302403e-12 
 5.01187234e+05  5.01187234e+05  4.30744413e-12 
 5.62341325e+05  5.62341325e+05  3.83901852e-12 
 6.30957344e+05  6.30957344e+05  3.42153233e-12 
 7.07945784e+05  7.07945784e+05  3.04944636e-12 
 7.94328235e+05  7.94328235e+05  2.71782367e-12 
 8.91250938e+05  8.91250938e+05  2.42226413e-12 
 1.00000000e+06  1.00000000e+06  2.15884605e-12 
 1.12201845e+06  1.12201845e+06  1.92407418e-12 
 1.25892541e+06  1.25892541e+06  1.71483336e-12 
 1.41253754e+06  1.41253754e+06  1.52834715e-12 
 1.58489319e+06  1.58489319e+06  1.36214105e-12 
 1.77827941e+06  1.77827941e+06  1.21400964e-12 
 1.99526231e+06  1.99526231e+06  1.08198734e-12 
 2.23872114e+06  2.23872114e+06  9.64322312e-13 
 2.51188643e+06  2.51188643e+06  8.59453220e-13 
 2.81838293e+06  2.81838293e+06  7.65988528e-13 
 3.16227766e+06  3.16227766e+06  6.82688022e-13 
 3.54813389e+06  3.54813389e+06  6.08446359e-13 
 3.98107171e+06  3.98107171e+06  5.42278402e-13 
 4.46683592e+06  4.46683592e+06  4.83306145e-13 
 5.01187234e+06  5.01187234e+06  4.30747062e-13 
 5.62341325e+06  5.62341325e+06  3.83903728e-13 
 6.30957344e+06  6.30957344e+06  3.42154561e-13 
 7.07945784e+06  7.07945784e+06  3.04945576e-13 
 7.94328235e+06  7.94328235e+06  2.71783032e-13 
 8.91250938e+06  8.91250938e+06  2.42226884e-13 
 1.00000000e+07  1.00000000e+07  2.15884938e-13 
 1.12201845e+07  1.12201845e+07  1.92407654e-13 
 1.25892541e+07  1.25892541e+07  1.71483503e-13 
 1.41253754e+07  1.41253754e+07  1.52834833e-13 
 1.58489319e+07  1.58489319e+07  1.36214189e-13 
 1.77827941e+07  1.77827941e+07  1.21401024e-13 
 1.99526231e+07  1.99526231e+07  1.08198776e-13 
 2.23872114e+07  2.23872114e+07  9.64322610e-14 
 2.51188643e+07  2.51188643e+07  8.59453432e-14 
 2.81838293e+07  2.81838293e+07  7.65988678e-14 
 3.16227766e+07  3.16227766e+07  6.82688128e-14 
 3.54813389e+07  3.54813389e+07  6.08446435e-14 
 3.98107171e+07  3.98107171e+07  5.42278457e-14 
 4.46683592e+07  4.46683592e+07  4.83306183e-14 
 5.01187234e+07  5.01187234e+07  4.30747090e-14 
 5.62341325e+07  5.62341325e+07  3.83903748e-14 
 6.30957344e+07  6.30957344e+07  3.42154576e-14 
 7.07945784e+07  7.07945784e+07  3.04945588e-14 
 7.94328235e+07  7.94328235e+07  2.71783042e-14 
 8.91250938e+07  8.91250938e+07  2.42226891e-14 
 1.00000000e+08  1.00000000e+08  2.15884945e-14 
 1.12201845e+08  1.12201845e+08  1.92407660e-14 
 1.25892541e+08  1.25892541e+08  1.71483509e-14 
 1.41253754e+08  1.41253754e+08  1.52834839e-14 
 1.58489319e+08  1.58489319e+08  1.36214195e-14 
 1.77827941e+08  1.77827941e+08  1.21401030e-14 
 1.99526231e+08  1.99526231e+08  1.08198783e-14 
 2.23872114e+08  2.23872114e+08  9.64322686e-15 
 2.51188643e+08  2.51188643e+08  8.59453516e-15 
 2.81838293e+08  2.81838293e+08  7.65988771e-15 
 3.16227766e+08  3.16227766e+08  6.82688232e-15 
 3.54813389e+08  3.54813389e+08  6.08446552e-15 
 3.98107171e+08  3.98107171e+08  5.42278587e-15 
 4.46683592e+08  4.46683592e+08  4.83306330e-15 
 5.01187234e+08  5.01187234e+08  4.30747254e-15 
 5.62341325e+08  5.62341325e+08  3.83903932e-15 
 6.30957344e+08  6.30957344e+08  3.42154783e-15 
 7.07945784e+08  7.07945784e+08  3.04945819e-15 
 7.94328235e+08  7.94328235e+08  2.71783301e-15 
 8.91250938e+08  8.91250938e+08  2.42227183e-15 
 1.00000000e+09  1.00000000e+09  2.15885272e-15 
