3
7 2 0 0
3.70000 4.20000 3.70000 4.20000 3.70000 4.20000 3.70000 4.20000
25 100 18 72
6.28001 0.53000 0.00000 1.06500 3 0.00000 0.00000 0
6.28001 0.53000 0.00000 2.39500 5 0.00000 0.00000 0
6.28001 0.60000 0.00000 3.76000 7 0.00000 0.00000 0
7
-18.18002 0.60000
-3.93501 0.60000
-3.16001 0.60000
-2.34501 0.60000
2.34501 0.60000
3.16001 0.60000
3.95501 0.60000
18.18002 0.60000
14 6 6 6 6 6 14
7
-18.18002 0.80000
-3.93501 0.80000
-3.16001 0.80000
-2.34501 0.80000
2.34501 0.80000
3.16001 0.80000
3.95501 0.80000
18.18002 0.80000
17 7 7 6 7 7 17
7
-18.18002 1.93000
-3.93501 1.93000
-3.16001 1.93000
-2.34501 1.93000
2.34501 1.93000
3.16001 1.93000
3.95501 1.93000
18.18002 1.93000
14 6 6 6 6 6 14
7
-18.18002 2.13000
-3.93501 2.13000
-3.16001 2.13000
-2.34501 2.13000
2.34501 2.13000
3.16001 2.13000
3.95501 2.13000
18.18002 2.13000
17 7 7 6 7 7 17
7
-18.18002 3.26000
-4.04001 3.26000
-3.16001 3.26000
-2.24001 3.26000
2.24001 3.26000
3.16001 3.26000
4.06001 3.26000
18.18002 3.26000
14 6 6 6 6 6 14
7
-18.18002 3.46000
-4.04001 3.46000
-3.16001 3.46000
-2.24001 3.46000
2.24001 3.46000
3.16001 3.46000
4.06001 3.46000
18.18002 3.46000
17 7 7 6 7 7 17
7
-18.18002 4.66000
-4.04001 4.66000
-3.14001 4.66000
-2.24001 4.66000
2.24001 4.66000
3.14001 4.66000
4.04001 4.66000
18.18002 4.66000
14 6 6 6 6 6 14
4.86000
-18.18002 18.18002
