 frequency       v(g_cv)         v(g_cv)         cgg             cgg             ig_cv           ig_cv           is_cv           is_cv           ib_cv           ib_cv          
 1.00000000e+00  1.00000000e+00  0.00000000e+00  7.79465251e-15  0.00000000e+00 -5.26366598e-08 -4.89752461e-14  1.07931665e-04  2.54826272e-14 -1.74632623e-07  6.65185297e-15 
 1.25892541e+00  1.00000000e+00  0.00000000e+00  7.79465251e-15  0.00000000e+00 -5.26366598e-08 -6.16561819e-14  1.07931665e-04  3.20807269e-14 -1.74632623e-07  8.37418673e-15 
 1.58489319e+00  1.00000000e+00  0.00000000e+00  7.79465251e-15  0.00000000e+00 -5.26366598e-08 -7.76205342e-14  1.07931665e-04  4.03872423e-14 -1.74632623e-07  1.05424765e-14 
 1.99526231e+00  1.00000000e+00  0.00000000e+00  7.79465251e-15  0.00000000e+00 -5.26366598e-08 -9.77184629e-14  1.07931665e-04  5.08445257e-14 -1.74632623e-07  1.32721915e-14 
 2.51188643e+00  1.00000000e+00  0.00000000e+00  7.79465251e-15  0.00000000e+00 -5.26366598e-08 -1.23020256e-13  1.07931665e-04  6.40094654e-14 -1.74632623e-07  1.67086992e-14 
 3.16227766e+00  1.00000000e+00  0.00000000e+00  7.79465251e-15  0.00000000e+00 -5.26366598e-08 -1.54873327e-13  1.07931665e-04  8.05831426e-14 -1.74632623e-07  2.10350060e-14 
 3.98107171e+00  1.00000000e+00  0.00000000e+00  7.79465251e-15  0.00000000e+00 -5.26366598e-08 -1.94973967e-13  1.07931665e-04  1.01448166e-13 -1.74632623e-07  2.64815036e-14 
 5.01187234e+00  1.00000000e+00  0.00000000e+00  7.79465251e-15  0.00000000e+00 -5.26366598e-08 -2.45457681e-13  1.07931665e-04  1.27715674e-13 -1.74632623e-07  3.33382379e-14 
 6.30957344e+00  1.00000000e+00  0.00000000e+00  7.79465251e-15  0.00000000e+00 -5.26366598e-08 -3.09012912e-13  1.07931665e-04  1.60784508e-13 -1.74632623e-07  4.19703548e-14 
 7.94328235e+00  1.00000000e+00  0.00000000e+00  7.79465251e-15  0.00000000e+00 -5.26366598e-08 -3.89024208e-13  1.07931665e-04  2.02415703e-13 -1.74632623e-07  5.28375462e-14 
 1.00000000e+01  1.00000000e+00  0.00000000e+00  7.79465251e-15  0.00000000e+00 -5.26366598e-08 -4.89752461e-13  1.07931665e-04  2.54826272e-13 -1.74632623e-07  6.65185297e-14 
 1.25892541e+01  1.00000000e+00  0.00000000e+00  7.79465251e-15  0.00000000e+00 -5.26366598e-08 -6.16561819e-13  1.07931665e-04  3.20807269e-13 -1.74632623e-07  8.37418673e-14 
 1.58489319e+01  1.00000000e+00  0.00000000e+00  7.79465251e-15  0.00000000e+00 -5.26366598e-08 -7.76205342e-13  1.07931665e-04  4.03872423e-13 -1.74632623e-07  1.05424765e-13 
 1.99526231e+01  1.00000000e+00  0.00000000e+00  7.79465251e-15  0.00000000e+00 -5.26366598e-08 -9.77184629e-13  1.07931665e-04  5.08445257e-13 -1.74632623e-07  1.32721915e-13 
 2.51188643e+01  1.00000000e+00  0.00000000e+00  7.79465251e-15  0.00000000e+00 -5.26366598e-08 -1.23020256e-12  1.07931665e-04  6.40094654e-13 -1.74632623e-07  1.67086992e-13 
 3.16227766e+01  1.00000000e+00  0.00000000e+00  7.79465251e-15  0.00000000e+00 -5.26366598e-08 -1.54873327e-12  1.07931665e-04  8.05831426e-13 -1.74632623e-07  2.10350060e-13 
 3.98107171e+01  1.00000000e+00  0.00000000e+00  7.79465251e-15  0.00000000e+00 -5.26366598e-08 -1.94973967e-12  1.07931665e-04  1.01448166e-12 -1.74632623e-07  2.64815036e-13 
 5.01187234e+01  1.00000000e+00  0.00000000e+00  7.79465251e-15  0.00000000e+00 -5.26366598e-08 -2.45457681e-12  1.07931665e-04  1.27715674e-12 -1.74632623e-07  3.33382379e-13 
 6.30957344e+01  1.00000000e+00  0.00000000e+00  7.79465251e-15  0.00000000e+00 -5.26366598e-08 -3.09012912e-12  1.07931665e-04  1.60784508e-12 -1.74632623e-07  4.19703548e-13 
 7.94328235e+01  1.00000000e+00  0.00000000e+00  7.79465251e-15  0.00000000e+00 -5.26366598e-08 -3.89024208e-12  1.07931665e-04  2.02415703e-12 -1.74632623e-07  5.28375462e-13 
 1.00000000e+02  1.00000000e+00  0.00000000e+00  7.79465251e-15  0.00000000e+00 -5.26366598e-08 -4.89752461e-12  1.07931665e-04  2.54826272e-12 -1.74632623e-07  6.65185297e-13 
 1.25892541e+02  1.00000000e+00  0.00000000e+00  7.79465251e-15  0.00000000e+00 -5.26366598e-08 -6.16561819e-12  1.07931665e-04  3.20807269e-12 -1.74632623e-07  8.37418673e-13 
 1.58489319e+02  1.00000000e+00  0.00000000e+00  7.79465251e-15  0.00000000e+00 -5.26366598e-08 -7.76205342e-12  1.07931665e-04  4.03872423e-12 -1.74632623e-07  1.05424765e-12 
 1.99526231e+02  1.00000000e+00  0.00000000e+00  7.79465251e-15  0.00000000e+00 -5.26366598e-08 -9.77184629e-12  1.07931665e-04  5.08445257e-12 -1.74632623e-07  1.32721915e-12 
 2.51188643e+02  1.00000000e+00  0.00000000e+00  7.79465251e-15  0.00000000e+00 -5.26366598e-08 -1.23020256e-11  1.07931665e-04  6.40094654e-12 -1.74632623e-07  1.67086992e-12 
 3.16227766e+02  1.00000000e+00  0.00000000e+00  7.79465251e-15  0.00000000e+00 -5.26366598e-08 -1.54873327e-11  1.07931665e-04  8.05831426e-12 -1.74632623e-07  2.10350060e-12 
 3.98107171e+02  1.00000000e+00  0.00000000e+00  7.79465251e-15  0.00000000e+00 -5.26366598e-08 -1.94973967e-11  1.07931665e-04  1.01448166e-11 -1.74632623e-07  2.64815036e-12 
 5.01187234e+02  1.00000000e+00  0.00000000e+00  7.79465251e-15  0.00000000e+00 -5.26366598e-08 -2.45457681e-11  1.07931665e-04  1.27715674e-11 -1.74632623e-07  3.33382379e-12 
 6.30957344e+02  1.00000000e+00  0.00000000e+00  7.79465251e-15  0.00000000e+00 -5.26366598e-08 -3.09012912e-11  1.07931665e-04  1.60784508e-11 -1.74632623e-07  4.19703548e-12 
 7.94328235e+02  1.00000000e+00  0.00000000e+00  7.79465251e-15  0.00000000e+00 -5.26366598e-08 -3.89024208e-11  1.07931665e-04  2.02415703e-11 -1.74632623e-07  5.28375462e-12 
 1.00000000e+03  1.00000000e+00  0.00000000e+00  7.79465251e-15  0.00000000e+00 -5.26366598e-08 -4.89752461e-11  1.07931665e-04  2.54826272e-11 -1.74632623e-07  6.65185297e-12 
 1.25892541e+03  1.00000000e+00  0.00000000e+00  7.79465251e-15  0.00000000e+00 -5.26366598e-08 -6.16561819e-11  1.07931665e-04  3.20807269e-11 -1.74632623e-07  8.37418673e-12 
 1.58489319e+03  1.00000000e+00  0.00000000e+00  7.79465251e-15  0.00000000e+00 -5.26366598e-08 -7.76205342e-11  1.07931665e-04  4.03872423e-11 -1.74632623e-07  1.05424765e-11 
 1.99526231e+03  1.00000000e+00  0.00000000e+00  7.79465251e-15  0.00000000e+00 -5.26366598e-08 -9.77184629e-11  1.07931665e-04  5.08445257e-11 -1.74632623e-07  1.32721915e-11 
 2.51188643e+03  1.00000000e+00  0.00000000e+00  7.79465251e-15  0.00000000e+00 -5.26366598e-08 -1.23020256e-10  1.07931665e-04  6.40094654e-11 -1.74632623e-07  1.67086992e-11 
 3.16227766e+03  1.00000000e+00  0.00000000e+00  7.79465251e-15  0.00000000e+00 -5.26366598e-08 -1.54873327e-10  1.07931665e-04  8.05831426e-11 -1.74632623e-07  2.10350060e-11 
 3.98107171e+03  1.00000000e+00  0.00000000e+00  7.79465251e-15  0.00000000e+00 -5.26366598e-08 -1.94973967e-10  1.07931665e-04  1.01448166e-10 -1.74632623e-07  2.64815036e-11 
 5.01187234e+03  1.00000000e+00  0.00000000e+00  7.79465251e-15  0.00000000e+00 -5.26366598e-08 -2.45457681e-10  1.07931665e-04  1.27715674e-10 -1.74632623e-07  3.33382379e-11 
 6.30957344e+03  1.00000000e+00  0.00000000e+00  7.79465251e-15  0.00000000e+00 -5.26366598e-08 -3.09012912e-10  1.07931665e-04  1.60784508e-10 -1.74632623e-07  4.19703548e-11 
 7.94328235e+03  1.00000000e+00  0.00000000e+00  7.79465251e-15  0.00000000e+00 -5.26366598e-08 -3.89024208e-10  1.07931665e-04  2.02415703e-10 -1.74632623e-07  5.28375462e-11 
 1.00000000e+04  1.00000000e+00  0.00000000e+00  7.79465251e-15  0.00000000e+00 -5.26366598e-08 -4.89752461e-10  1.07931665e-04  2.54826272e-10 -1.74632623e-07  6.65185297e-11 
 1.25892541e+04  1.00000000e+00  0.00000000e+00  7.79465251e-15  0.00000000e+00 -5.26366599e-08 -6.16561819e-10  1.07931665e-04  3.20807269e-10 -1.74632623e-07  8.37418673e-11 
 1.58489319e+04  1.00000000e+00  0.00000000e+00  7.79465251e-15  0.00000000e+00 -5.26366599e-08 -7.76205342e-10  1.07931665e-04  4.03872423e-10 -1.74632623e-07  1.05424765e-10 
 1.99526231e+04  1.00000000e+00  0.00000000e+00  7.79465251e-15  0.00000000e+00 -5.26366599e-08 -9.77184629e-10  1.07931665e-04  5.08445257e-10 -1.74632623e-07  1.32721915e-10 
 2.51188643e+04  1.00000000e+00  0.00000000e+00  7.79465251e-15  0.00000000e+00 -5.26366599e-08 -1.23020256e-09  1.07931665e-04  6.40094654e-10 -1.74632623e-07  1.67086992e-10 
 3.16227766e+04  1.00000000e+00  0.00000000e+00  7.79465251e-15  0.00000000e+00 -5.26366600e-08 -1.54873327e-09  1.07931665e-04  8.05831426e-10 -1.74632623e-07  2.10350060e-10 
 3.98107171e+04  1.00000000e+00  0.00000000e+00  7.79465251e-15  0.00000000e+00 -5.26366600e-08 -1.94973967e-09  1.07931665e-04  1.01448166e-09 -1.74632623e-07  2.64815036e-10 
 5.01187234e+04  1.00000000e+00  0.00000000e+00  7.79465251e-15  0.00000000e+00 -5.26366602e-08 -2.45457681e-09  1.07931665e-04  1.27715674e-09 -1.74632623e-07  3.33382379e-10 
 6.30957344e+04  1.00000000e+00  0.00000000e+00  7.79465251e-15  0.00000000e+00 -5.26366603e-08 -3.09012912e-09  1.07931665e-04  1.60784508e-09 -1.74632623e-07  4.19703548e-10 
 7.94328235e+04  1.00000000e+00  0.00000000e+00  7.79465251e-15  0.00000000e+00 -5.26366606e-08 -3.89024208e-09  1.07931665e-04  2.02415703e-09 -1.74632623e-07  5.28375462e-10 
 1.00000000e+05  1.00000000e+00  0.00000000e+00  7.79465251e-15  0.00000000e+00 -5.26366611e-08 -4.89752461e-09  1.07931665e-04  2.54826272e-09 -1.74632623e-07  6.65185297e-10 
 1.25892541e+05  1.00000000e+00  0.00000000e+00  7.79465251e-15  0.00000000e+00 -5.26366619e-08 -6.16561819e-09  1.07931665e-04  3.20807269e-09 -1.74632623e-07  8.37418673e-10 
 1.58489319e+05  1.00000000e+00  0.00000000e+00  7.79465251e-15  0.00000000e+00 -5.26366630e-08 -7.76205342e-09  1.07931665e-04  4.03872423e-09 -1.74632623e-07  1.05424765e-09 
 1.99526231e+05  1.00000000e+00  0.00000000e+00  7.79465251e-15  0.00000000e+00 -5.26366649e-08 -9.77184629e-09  1.07931665e-04  5.08445257e-09 -1.74632622e-07  1.32721915e-09 
 2.51188643e+05  1.00000000e+00  0.00000000e+00  7.79465251e-15  0.00000000e+00 -5.26366679e-08 -1.23020256e-08  1.07931665e-04  6.40094654e-09 -1.74632622e-07  1.67086992e-09 
 3.16227766e+05  1.00000000e+00  0.00000000e+00  7.79465251e-15  0.00000000e+00 -5.26366726e-08 -1.54873327e-08  1.07931665e-04  8.05831426e-09 -1.74632621e-07  2.10350060e-09 
 3.98107171e+05  1.00000000e+00  0.00000000e+00  7.79465251e-15  0.00000000e+00 -5.26366801e-08 -1.94973967e-08  1.07931665e-04  1.01448166e-08 -1.74632620e-07  2.64815036e-09 
 5.01187234e+05  1.00000000e+00  0.00000000e+00  7.79465251e-15  0.00000000e+00 -5.26366920e-08 -2.45457681e-08  1.07931665e-04  1.27715674e-08 -1.74632618e-07  3.33382379e-09 
 6.30957344e+05  1.00000000e+00  0.00000000e+00  7.79465251e-15  0.00000000e+00 -5.26367108e-08 -3.09012912e-08  1.07931665e-04  1.60784508e-08 -1.74632616e-07  4.19703548e-09 
 7.94328235e+05  1.00000000e+00  0.00000000e+00  7.79465251e-15  0.00000000e+00 -5.26367407e-08 -3.89024208e-08  1.07931665e-04  2.02415703e-08 -1.74632611e-07  5.28375462e-09 
 1.00000000e+06  1.00000000e+00  0.00000000e+00  7.79465251e-15  0.00000000e+00 -5.26367879e-08 -4.89752461e-08  1.07931665e-04  2.54826272e-08 -1.74632605e-07  6.65185297e-09 
 1.25892541e+06  1.00000000e+00  0.00000000e+00  7.79465251e-15  0.00000000e+00 -5.26368628e-08 -6.16561819e-08  1.07931665e-04  3.20807269e-08 -1.74632594e-07  8.37418673e-09 
 1.58489319e+06  1.00000000e+00  0.00000000e+00  7.79465251e-15  0.00000000e+00 -5.26369816e-08 -7.76205341e-08  1.07931665e-04  4.03872423e-08 -1.74632577e-07  1.05424765e-08 
 1.99526231e+06  1.00000000e+00  0.00000000e+00  7.79465251e-15  0.00000000e+00 -5.26371698e-08 -9.77184629e-08  1.07931665e-04  5.08445257e-08 -1.74632549e-07  1.32721915e-08 
 2.51188643e+06  1.00000000e+00  0.00000000e+00  7.79465251e-15  0.00000000e+00 -5.26374680e-08 -1.23020256e-07  1.07931665e-04  6.40094654e-08 -1.74632506e-07  1.67086992e-08 
 3.16227766e+06  1.00000000e+00  0.00000000e+00  7.79465251e-15  0.00000000e+00 -5.26379407e-08 -1.54873327e-07  1.07931666e-04  8.05831426e-08 -1.74632438e-07  2.10350060e-08 
 3.98107171e+06  1.00000000e+00  0.00000000e+00  7.79465251e-15  0.00000000e+00 -5.26386899e-08 -1.94973967e-07  1.07931666e-04  1.01448166e-07 -1.74632330e-07  2.64815036e-08 
 5.01187234e+06  1.00000000e+00  0.00000000e+00  7.79465251e-15  0.00000000e+00 -5.26398773e-08 -2.45457681e-07  1.07931667e-04  1.27715674e-07 -1.74632158e-07  3.33382379e-08 
 6.30957344e+06  1.00000000e+00  0.00000000e+00  7.79465250e-15  0.00000000e+00 -5.26417592e-08 -3.09012912e-07  1.07931668e-04  1.60784508e-07 -1.74631886e-07  4.19703548e-08 
 7.94328235e+06  1.00000000e+00  0.00000000e+00  7.79465250e-15  0.00000000e+00 -5.26447417e-08 -3.89024208e-07  1.07931669e-04  2.02415702e-07 -1.74631454e-07  5.28375462e-08 
 1.00000000e+07  1.00000000e+00  0.00000000e+00  7.79465250e-15  0.00000000e+00 -5.26494688e-08 -4.89752461e-07  1.07931672e-04  2.54826272e-07 -1.74630771e-07  6.65185296e-08 
 1.25892541e+07  1.00000000e+00  0.00000000e+00  7.79465250e-15  0.00000000e+00 -5.26569606e-08 -6.16561818e-07  1.07931675e-04  3.20807269e-07 -1.74629688e-07  8.37418672e-08 
 1.58489319e+07  1.00000000e+00  0.00000000e+00  7.79465249e-15  0.00000000e+00 -5.26688344e-08 -7.76205340e-07  1.07931682e-04  4.03872423e-07 -1.74627971e-07  1.05424765e-07 
 1.99526231e+07  1.00000000e+00  0.00000000e+00  7.79465249e-15  0.00000000e+00 -5.26876531e-08 -9.77184627e-07  1.07931691e-04  5.08445255e-07 -1.74625250e-07  1.32721915e-07 
 2.51188643e+07  1.00000000e+00  0.00000000e+00  7.79465247e-15  0.00000000e+00 -5.27174788e-08 -1.23020256e-06  1.07931707e-04  6.40094651e-07 -1.74620938e-07  1.67086991e-07 
 3.16227766e+07  1.00000000e+00  0.00000000e+00  7.79465245e-15  0.00000000e+00 -5.27647492e-08 -1.54873326e-06  1.07931731e-04  8.05831421e-07 -1.74614103e-07  2.10350059e-07 
 3.98107171e+07  1.00000000e+00  0.00000000e+00  7.79465242e-15  0.00000000e+00 -5.28396678e-08 -1.94973964e-06  1.07931769e-04  1.01448165e-06 -1.74603270e-07  2.64815033e-07 
 5.01187234e+07  1.00000000e+00  0.00000000e+00  7.79465237e-15  0.00000000e+00 -5.29584058e-08 -2.45457677e-06  1.07931830e-04  1.27715672e-06 -1.74586102e-07  3.33382372e-07 
 6.30957344e+07  1.00000000e+00  0.00000000e+00  7.79465229e-15  0.00000000e+00 -5.31465928e-08 -3.09012904e-06  1.07931927e-04  1.60784503e-06 -1.74558893e-07  4.19703536e-07 
 7.94328235e+07  1.00000000e+00  0.00000000e+00  7.79465217e-15  0.00000000e+00 -5.34448491e-08 -3.89024191e-06  1.07932081e-04  2.02415694e-06 -1.74515768e-07  5.28375438e-07 
 1.00000000e+08  1.00000000e+00  0.00000000e+00  7.79465197e-15  0.00000000e+00 -5.39175535e-08 -4.89752428e-06  1.07932324e-04  2.54826254e-06 -1.74447421e-07  6.65185248e-07 
 1.25892541e+08  1.00000000e+00  0.00000000e+00  7.79465166e-15  0.00000000e+00 -5.46667394e-08 -6.16561752e-06  1.07932709e-04  3.20807235e-06 -1.74339097e-07  8.37418576e-07 
 1.58489319e+08  1.00000000e+00  0.00000000e+00  7.79465117e-15  0.00000000e+00 -5.58541190e-08 -7.76205208e-06  1.07933319e-04  4.03872355e-06 -1.74167416e-07  1.05424745e-06 
 1.99526231e+08  1.00000000e+00  0.00000000e+00  7.79465038e-15  0.00000000e+00 -5.77359884e-08 -9.77184363e-06  1.07934287e-04  5.08445120e-06 -1.73895320e-07  1.32721877e-06 
 2.51188643e+08  1.00000000e+00  0.00000000e+00  7.79464914e-15  0.00000000e+00 -6.07185497e-08 -1.23020203e-05  1.07935820e-04  6.40094382e-06 -1.73464076e-07  1.67086915e-06 
 3.16227766e+08  1.00000000e+00  0.00000000e+00  7.79464717e-15  0.00000000e+00 -6.54455888e-08 -1.54873221e-05  1.07938251e-04  8.05830883e-06 -1.72780602e-07  2.10349906e-06 
 3.98107171e+08  1.00000000e+00  0.00000000e+00  7.79464406e-15  0.00000000e+00 -7.29374361e-08 -1.94973755e-05  1.07942102e-04  1.01448058e-05 -1.71697368e-07  2.64814728e-06 
 5.01187234e+08  1.00000000e+00  0.00000000e+00  7.79463911e-15  0.00000000e+00 -8.48112015e-08 -2.45457259e-05  1.07948207e-04  1.27715458e-05 -1.69980561e-07  3.33381763e-06 
 6.30957344e+08  1.00000000e+00  0.00000000e+00  7.79463128e-15  0.00000000e+00 -1.03629821e-07 -3.09012071e-05  1.07957883e-04  1.60784076e-05 -1.67259608e-07  4.19702320e-06 
 7.94328235e+08  1.00000000e+00  0.00000000e+00  7.79461886e-15  0.00000000e+00 -1.33455244e-07 -3.89022529e-05  1.07973217e-04  2.02414841e-05 -1.62947201e-07  5.28373012e-06 
 1.00000000e+09  1.00000000e+00  0.00000000e+00  7.79459919e-15  0.00000000e+00 -1.80725161e-07 -4.89749111e-05  1.07997521e-04  2.54824553e-05 -1.56112525e-07  6.65180408e-06 
